3
1200 1600
1 6556.82 1 335.5 447 0.996604 -0.0168684 -0.0805996 0.0167135 0.999857 -0.00259688 0.0806319 0.00124091 0.996743 
2 6706.48 1 335.5 447 0.999493 0.0317096 -0.00290221 -0.0317221 0.999487 -0.0043594 0.00276246 0.00444922 0.999986 
3 6670.72 1 335.5 447 0.9964 -0.0146677 0.0835018 0.0151037 0.999876 -0.00459173 -0.0834241 0.00583635 0.996497 
