<?xml version="1.0"?>
<opencv_storage>
<cameras_size>3</cameras_size>
<img_sz_width>1200</img_sz_width>
<img_sz_height>1600</img_sz_height>
<cameras_focal_0>8.7645271086356788e+003</cameras_focal_0>
<cameras_aspect_0>1.</cameras_aspect_0>
<cameras_ppx_0>3.3550000000000000e+002</cameras_ppx_0>
<cameras_ppy_0>447.</cameras_ppy_0>
<cameras_R_0 type_id="opencv-matrix">
  <rows>3</rows>
  <cols>3</cols>
  <dt>f</dt>
  <data>
    9.98527944e-001 2.00122409e-002 -5.04143983e-002 -3.37496214e-003
    9.50571418e-001 3.10488254e-001 5.41360527e-002 -3.09861004e-001
    9.49239492e-001</data></cameras_R_0>
<cameras_focal_1>9.0096725619802219e+003</cameras_focal_1>
<cameras_aspect_1>1.</cameras_aspect_1>
<cameras_ppx_1>3.3550000000000000e+002</cameras_ppx_1>
<cameras_ppy_1>447.</cameras_ppy_1>
<cameras_R_1 type_id="opencv-matrix">
  <rows>3</rows>
  <cols>3</cols>
  <dt>f</dt>
  <data>
    9.99976814e-001 -6.55553536e-003 -1.82290177e-003 6.79745618e-003
    9.50475872e-001 3.10724676e-001 -3.04342684e-004 -3.10729891e-001
    9.50498283e-001</data></cameras_R_1>
<cameras_focal_2>8.9568557013513746e+003</cameras_focal_2>
<cameras_aspect_2>1.</cameras_aspect_2>
<cameras_ppx_2>3.3550000000000000e+002</cameras_ppx_2>
<cameras_ppy_2>447.</cameras_ppy_2>
<cameras_R_2 type_id="opencv-matrix">
  <rows>3</rows>
  <cols>3</cols>
  <dt>f</dt>
  <data>
    9.98544037e-001 -1.34605430e-002 5.22373021e-002 -3.43230180e-003
    9.50551331e-001 3.10549051e-001 -5.38343936e-002 -3.10276151e-001
    9.49120998e-001</data></cameras_R_2>
</opencv_storage>
