%YAML:1.0
point: [ 3, 46, 820, 22, 1739, 41 ]
